image: devon_v2.pgm
resolution: 0.050000
origin: [-1.000000, -23.400000, 0.000000]
pose: [8.749, 4.512, 0.0]
negate: 0
occupied_thresh: 0.65
free_thresh: 0.196

